   10142    1994
   309   309   4.9221501515681954e-01
   449   309   5.6023803659271693e-03
   452   309   1.2558892017126200e-02
   619   309   3.5444163683338803e-02
   621   309   3.0419497272854670e-02
   309   449   5.6023803659271693e-03
   449   449   2.4390688525443499e-01
   452   449  -2.8096416934302679e-02
   788   449  -3.9055921309266994e-02
   309   452   1.2558892017126200e-02
   449   452  -2.8096416934302679e-02
   452   452   2.0324890829051959e-01
   621   452  -1.1591440013495860e-02
   788   452   5.3077587537704932e-02
   555   555   1.6610332747843770e-01
   607   555   1.7662577965481101e-03
   619   555  -5.5377166274951728e-03
   620   555   9.8945690042078057e-04
   625   555  -2.2675090735806529e-02
   906   555  -5.8052656160209595e-03
   933   555  -1.0079059262059020e-03
   560   560   2.4687075173771672e-01
   620   560   2.0627008350951069e-02
   871   560  -1.7789630572309159e-03
   906   560   1.0096114673738758e-03
   908   560  -4.9905566098172255e-03
   928   560   2.8469280595065688e-03
   929   560  -2.4156832246606058e-02
   932   560  -6.3347326603947090e-04
   934   560   2.2692691749493302e-02
   935   560   5.0654295285833088e-02
   943   560  -1.5746352228312180e-04
   555   607   1.7662577965481101e-03
   607   607   2.5061206080438830e-01
   620   607  -1.0804950474958670e-02
   625   607  -3.2552476630964111e-02
   906   607   9.6410014085552536e-03
   907   607   1.4122907756464140e-02
  1038   607   2.8338334237825282e-03
   309   619   3.5444163683338803e-02
   555   619  -5.5377166274951728e-03
   619   619   3.0340575822676957e-01
   620   619   2.9965155512551980e-02
   621   619   5.9377270025822342e-03
   622   619  -6.0327878479724869e-03
   625   619   1.0309900000559650e-02
   791   619  -1.9155822347158721e-02
   933   619  -2.0926815841406678e-02
  1037   619   7.5026806018994308e-03
  1046   619  -4.9340893831854575e-02
   555   620   9.8945690042078057e-04
   560   620   2.0627008350951069e-02
   607   620  -1.0804950474958670e-02
   619   620   2.9965155512551980e-02
   620   620   2.7143306976360454e-01
   622   620   1.9193617283943021e-02
   625   620   3.6761629432635959e-02
   906   620  -4.1532101967317158e-04
   930   620  -1.2820808376991861e-02
   932   620  -3.4259299536818890e-03
   933   620   8.3564473421050660e-03
  1037   620   2.6693164507584601e-02
  1046   620  -3.0956135223250726e-03
   309   621   3.0419497272854670e-02
   452   621  -1.1591440013495860e-02
   619   621   5.9377270025822342e-03
   621   621   2.2102279935398458e-01
   622   621  -1.4344300995350859e-03
   788   621  -2.2035957731595252e-02
   790   621   6.2904549161488955e-03
   791   621  -6.2244975144218721e-03
  1046   621  -7.4796970122357172e-03
   619   622  -6.0327878479724869e-03
   620   622   1.9193617283943021e-02
   621   622  -1.4344300995350859e-03
   622   622   1.8570792613990289e-01
   791   622   1.9651934002798830e-02
   930   622   9.1676362546171553e-03
   932   622  -1.6747927885047188e-03
   933   622   4.4070670795743590e-03
  1037   622  -1.8052100319548649e-02
  1046   622   2.5607148827927591e-02
   555   625  -2.2675090735806529e-02
   607   625  -3.2552476630964111e-02
   619   625   1.0309900000559650e-02
   620   625   3.6761629432635959e-02
   625   625   2.9874575727519281e-01
   906   625   1.9925032435375550e-02
   907   625   1.1475463127134959e-03
   933   625   9.2167841924675978e-03
  1038   625  -1.0683226749275611e-02
  1041   625  -7.2198515289272781e-03
   675   675   2.9838531594707807e-01
   676   675   5.5565396665932217e-03
   677   675   1.7161559624019909e-02
   783   675  -3.2452932419527569e-02
   784   675  -1.1401923150359041e-02
   675   676   5.5565396665932217e-03
   676   676   2.5538147201097289e-01
   677   676   7.5721610448442117e-03
   675   677   1.7161559624019909e-02
   676   677   7.5721610448442117e-03
   677   677   1.6103482601249350e-01
   783   677  -1.2125208807956330e-02
   784   677  -5.7588152678408216e-04
   679   679   3.2449452908277809e-01
   680   679  -1.6650929778139728e-02
   783   679   4.5263080895762073e-03
   679   680  -1.6650929778139728e-02
   680   680   1.6431497430192740e-01
   783   680  -5.2268187278966876e-03
   675   783  -3.2452932419527569e-02
   677   783  -1.2125208807956330e-02
   679   783   4.5263080895762073e-03
   680   783  -5.2268187278966876e-03
   783   783   2.9125058372830537e-01
   784   783   1.9078489080908792e-03
   675   784  -1.1401923150359041e-02
   677   784  -5.7588152678408216e-04
   783   784   1.9078489080908792e-03
   784   784   1.4681726081424590e-01
   449   788  -3.9055921309266994e-02
   452   788   5.3077587537704932e-02
   621   788  -2.2035957731595252e-02
   788   788   2.9277425935027518e-01
   790   788  -3.3378638634209701e-02
   791   788   1.4019922650305189e-02
  1046   788   4.0124928226695521e-02
  1209   788   5.5860131074420725e-03
   621   790   6.2904549161488955e-03
   788   790  -3.3378638634209701e-02
   790   790   1.9694919295441260e-01
   791   790  -3.4169394010444276e-02
  1046   790  -7.6609566655870417e-02
  1052   790   1.8331070922823479e-02
  1209   790  -1.6042750771776491e-02
   619   791  -1.9155822347158721e-02
   621   791  -6.2244975144218721e-03
   622   791   1.9651934002798830e-02
   788   791   1.4019922650305189e-02
   790   791  -3.4169394010444276e-02
   791   791   3.8761813177180465e-01
   793   791   5.8737440151453580e-04
   930   791   2.0745664180297312e-02
   931   791   2.1275755609442580e-02
  1046   791   8.1475852045204966e-02
  1052   791   3.9734037686458154e-02
  1089   791  -1.2857432178801040e-02
  1210   791   7.6305911532201759e-02
   791   793   5.8737440151453580e-04
   793   793   1.3620511968541349e-01
   868   793  -6.5050361725476156e-03
   930   793   1.0437426519832201e-03
   931   793  -4.2810869695395154e-03
  1052   793  -2.2607201441532301e-03
  1089   793  -7.2663795225615183e-03
  1210   793  -6.1904798788526118e-03
   793   868  -6.5050361725476156e-03
   868   868   4.1232287454428107e-01
   869   868   3.8754649900776837e-02
   926   868   1.9457987939156800e-02
   931   868  -2.6839015128525621e-02
  1089   868   5.1551444841571627e-02
  1213   868  -2.0805257744067041e-02
  1214   868  -3.3212727721846469e-02
  1215   868   1.5146579103483110e-03
  1273   868  -5.3610873839578639e-02
  1308   868   2.8629932529826291e-03
   868   869   3.8754649900776837e-02
   869   869   1.7151024984114072e-01
  1019   869   5.1034098081592554e-03
  1020   869   8.0724214544142887e-04
  1213   869  -2.2566894053568311e-03
  1214   869  -1.3139177575100769e-02
  1215   869  -2.0287524197244430e-02
  1273   869  -1.4672022234627680e-02
  1308   869  -6.0318455423219930e-03
   560   871  -1.7789630572309159e-03
   871   871   1.7422672821137861e-01
   928   871   7.3631234162992790e-03
   929   871   5.1419904135842536e-03
   932   871  -4.4387197654797836e-03
   934   871   1.3120514333667601e-03
   935   871  -1.7971641652669190e-02
   939   871   4.6714401956055524e-03
   943   871   2.3344184420190900e-02
  1317   871   9.5657053173889301e-03
   555   906  -5.8052656160209595e-03
   560   906   1.0096114673738758e-03
   607   906   9.6410014085552536e-03
   620   906  -4.1532101967317158e-04
   625   906   1.9925032435375550e-02
   906   906   2.6369630038789810e-01
   907   906   3.2137408383421162e-02
   908   906  -1.6349377137381309e-02
   928   906   2.7778540458052010e-02
   934   906   8.4458566389129811e-02
  1038   906  -2.0668697022510393e-02
  1419   906   1.9186179239137000e-02
   607   907   1.4122907756464140e-02
   625   907   1.1475463127134959e-03
   906   907   3.2137408383421162e-02
   907   907   2.4916121451186099e-01
   908   907   1.5322291398650181e-02
   934   907   1.2733379893534080e-02
   941   907   9.7688566106340826e-03
   942   907   1.2267214673717601e-02
  1038   907   1.2330082020996280e-02
  1419   907   4.9761429536053600e-02
   560   908  -4.9905566098172255e-03
   906   908  -1.6349377137381309e-02
   907   908   1.5322291398650181e-02
   908   908   1.4859822199990361e-01
   928   908   1.5178659388206799e-02
   934   908  -7.6416458027189276e-03
   941   908   8.9772098766494595e-03
   942   908  -1.7583973819192791e-03
  1038   908   6.4527993456029130e-03
  1419   908   3.0334348523229778e-04
   868   926   1.9457987939156800e-02
   926   926   3.0356274446089904e-01
   927   926   1.2771667206784069e-02
   929   926  -1.7729016818548601e-02
   931   926   6.7061340238442181e-03
  1217   926  -3.3626293255679666e-02
  1308   926   1.5600977086488900e-02
  1310   926   1.6430162615803868e-02
  1313   926   3.6456638594703841e-02
  1315   926  -5.2432942757886063e-02
  1437   926  -5.6222431775893892e-03
   926   927   1.2771667206784069e-02
   927   927   1.6506729387130470e-01
   929   927  -1.7402593840841588e-02
   931   927   4.5612329252521667e-03
  1217   927  -1.6783910242427893e-02
  1313   927   2.3623427840986202e-04
  1315   927   4.2396977409762428e-03
  1317   927  -2.0425513725633230e-02
  1318   927   3.9637823134590910e-03
  1437   927   5.5026936081897003e-03
   560   928   2.8469280595065688e-03
   871   928   7.3631234162992790e-03
   906   928   2.7778540458052010e-02
   908   928   1.5178659388206799e-02
   928   928   3.2821409649403199e-01
   934   928   4.7037607628227465e-02
   935   928  -1.4695149556498820e-03
   939   928  -1.4578640263062501e-03
   941   928   2.3337775978724249e-02
   943   928   5.1283967735463537e-02
  1317   928   2.5838147224802710e-02
  1439   928   1.8192047896261870e-02
   560   929  -2.4156832246606058e-02
   871   929   5.1419904135842536e-03
   926   929  -1.7729016818548601e-02
   927   929  -1.7402593840841588e-02
   929   929   3.0923510414608479e-01
   930   929   3.4426873611055099e-02
   931   929  -1.9368812069720388e-02
   932   929  -1.7665542284029168e-02
   935   929  -7.5205430464328149e-02
  1037   929  -1.9902537708169250e-02
  1210   929   2.6499235845639821e-03
  1315   929   2.9811172094289549e-02
  1317   929   1.9405748907739558e-02
  1443   929   1.5156383467681899e-02
   620   930  -1.2820808376991861e-02
   622   930   9.1676362546171553e-03
   791   930   2.0745664180297312e-02
   793   930   1.0437426519832201e-03
   929   930   3.4426873611055099e-02
   930   930   2.5131597287491386e-01
   931   930   7.6159765057868460e-04
   932   930   5.3839296928776337e-03
   935   930  -1.4944198319947049e-02
  1037   930  -5.3609837681574644e-02
  1210   930   3.1717499812339414e-02
  1315   930   4.9511688559289741e-03
  1443   930  -1.6602321619408791e-02
   791   931   2.1275755609442580e-02
   793   931  -4.2810869695395154e-03
   868   931  -2.6839015128525621e-02
   926   931   6.7061340238442181e-03
   927   931   4.5612329252521667e-03
   929   931  -1.9368812069720388e-02
   930   931   7.6159765057868460e-04
   931   931   2.4450991080321499e-01
  1210   931   3.9261473802514171e-02
  1315   931   1.5750808355802212e-02
  1443   931  -2.3012452713649920e-03
   560   932  -6.3347326603947090e-04
   620   932  -3.4259299536818890e-03
   622   932  -1.6747927885047188e-03
   871   932  -4.4387197654797836e-03
   929   932  -1.7665542284029168e-02
   930   932   5.3839296928776337e-03
   932   932   1.4641764990447720e-01
   935   932   1.6349342097637300e-02
  1037   932   6.0038102291165869e-03
  1443   932  -4.9583393882221992e-03
   555   933  -1.0079059262059020e-03
   619   933  -2.0926815841406678e-02
   620   933   8.3564473421050660e-03
   622   933   4.4070670795743590e-03
   625   933   9.2167841924675978e-03
   933   933   1.8962226843011931e-01
  1037   933  -2.2614506309333142e-02
  1041   933   4.3759079151364528e-03
  1046   933   4.0144115651408942e-02
  1445   933  -3.5473451547017179e-03
   560   934   2.2692691749493302e-02
   871   934   1.3120514333667601e-03
   906   934   8.4458566389129811e-02
   907   934   1.2733379893534080e-02
   908   934  -7.6416458027189276e-03
   928   934   4.7037607628227465e-02
   934   934   3.7621532906072819e-01
   935   934   2.4295449267094798e-02
   943   934   2.4837573801808541e-02
  1038   934  -5.6934405534975849e-02
  1039   934  -5.3181538934110151e-02
  1419   934   4.2755209717035773e-02
  1444   934  -1.5510843049853131e-03
  1448   934   3.5835315085184803e-02
   560   935   5.0654295285833088e-02
   871   935  -1.7971641652669190e-02
   928   935  -1.4695149556498820e-03
   929   935  -7.5205430464328149e-02
   930   935  -1.4944198319947049e-02
   932   935   1.6349342097637300e-02
   934   935   2.4295449267094798e-02
   935   935   3.7801638651843150e-01
   943   935  -2.6786467852735380e-02
  1037   935   6.6058862094092910e-02
  1039   935  -6.9174550825934225e-02
  1443   935  -2.7218127242776610e-02
  1444   935   2.2287220131757352e-02
  1447   935  -3.1551009066405670e-03
  1448   935  -6.1504930131559372e-03
   871   939   4.6714401956055524e-03
   928   939  -1.4578640263062501e-03
   939   939   1.4087482317562969e-01
   943   939   1.3419769816352161e-02
  1316   939   1.3162911213068730e-02
  1317   939   1.5888703585704898e-02
  1439   939  -1.1720555138163050e-03
  1440   939   4.9210638991539169e-03
  1442   939   1.1672229949307750e-04
  1455   939   1.5951318301092109e-02
   940   940   3.7614095025326127e-01
   941   940  -1.7707561266670609e-02
   942   940   4.4218497185120047e-02
  1419   940   8.1580320415992717e-03
  1439   940   1.7944010083209283e-02
  1456   940   5.8922688561476463e-02
   907   941   9.7688566106340826e-03
   908   941   8.9772098766494595e-03
   928   941   2.3337775978724249e-02
   940   941  -1.7707561266670609e-02
   941   941   2.2151271556574459e-01
   942   941  -2.1952067723236480e-02
  1419   941   1.3821906918247350e-02
  1439   941   6.4599194856047662e-03
  1456   941  -2.4792639037490311e-03
   907   942   1.2267214673717601e-02
   908   942  -1.7583973819192791e-03
   940   942   4.4218497185120047e-02
   941   942  -2.1952067723236480e-02
   942   942   2.6689152913952419e-01
  1419   942   3.0121947838326120e-02
  1456   942   8.7272113105797845e-03
   560   943  -1.5746352228312180e-04
   871   943   2.3344184420190900e-02
   928   943   5.1283967735463537e-02
   934   943   2.4837573801808541e-02
   935   943  -2.6786467852735380e-02
   939   943   1.3419769816352161e-02
   943   943   3.4493814043304938e-01
  1039   943   4.5994087081706204e-03
  1316   943   8.6673469509991174e-03
  1317   943   7.2459970615078945e-02
  1442   943   2.3511094362500630e-02
  1444   943  -2.7105522709607612e-02
  1448   943   5.0094362667818235e-02
  1455   943   3.4841108795194607e-02
  1459   943   2.0388138577814678e-03
   869  1019   5.1034098081592554e-03
  1019  1019   3.3658682203358320e-01
  1020  1019   5.0320320488955829e-02
  1213  1019   4.8781972236626607e-02
  1215  1019  -2.8250599134550448e-02
   869  1020   8.0724214544142887e-04
  1019  1020   5.0320320488955829e-02
  1020  1020   3.1621454235337870e-01
  1215  1020   6.9645964093187742e-03
   619  1037   7.5026806018994308e-03
   620  1037   2.6693164507584601e-02
   622  1037  -1.8052100319548649e-02
   929  1037  -1.9902537708169250e-02
   930  1037  -5.3609837681574644e-02
   932  1037   6.0038102291165869e-03
   933  1037  -2.2614506309333142e-02
   935  1037   6.6058862094092910e-02
  1037  1037   4.1227730042180066e-01
  1039  1037  -1.0995186887976890e-01
  1041  1037  -6.1160773735167019e-02
  1046  1037  -6.5339773374680152e-02
  1443  1037  -2.0832925155229091e-03
  1444  1037  -5.6157673260811471e-03
  1445  1037   4.0500167377469226e-02
  1447  1037  -3.9419340308359486e-03
   607  1038   2.8338334237825282e-03
   625  1038  -1.0683226749275611e-02
   906  1038  -2.0668697022510393e-02
   907  1038   1.2330082020996280e-02
   908  1038   6.4527993456029130e-03
   934  1038  -5.6934405534975849e-02
  1038  1038   3.0485071219716398e-01
  1039  1038   6.6746976778767800e-02
  1041  1038   5.8062006642375798e-02
  1419  1038  -1.3733422830951480e-02
  1448  1038  -4.7431460720045848e-03
   934  1039  -5.3181538934110151e-02
   935  1039  -6.9174550825934225e-02
   943  1039   4.5994087081706204e-03
  1037  1039  -1.0995186887976890e-01
  1038  1039   6.6746976778767800e-02
  1039  1039   3.6869329818376279e-01
  1041  1039   3.2182323393438649e-02
  1419  1039  -3.0099616729578321e-03
  1443  1039  -2.4606664194405780e-03
  1444  1039  -9.9829261745215479e-03
  1445  1039  -2.9846290469577177e-02
  1447  1039  -1.2184206656905200e-02
  1448  1039  -1.0230758324751409e-02
   625  1041  -7.2198515289272781e-03
   933  1041   4.3759079151364528e-03
  1037  1041  -6.1160773735167019e-02
  1038  1041   5.8062006642375798e-02
  1039  1041   3.2182323393438649e-02
  1041  1041   2.6977621270666702e-01
  1046  1041   2.6981104043740552e-02
  1445  1041  -1.7191685372160391e-02
  1447  1041  -6.0669750925704796e-03
   619  1046  -4.9340893831854575e-02
   620  1046  -3.0956135223250726e-03
   621  1046  -7.4796970122357172e-03
   622  1046   2.5607148827927591e-02
   788  1046   4.0124928226695521e-02
   790  1046  -7.6609566655870417e-02
   791  1046   8.1475852045204966e-02
   933  1046   4.0144115651408942e-02
  1037  1046  -6.5339773374680152e-02
  1041  1046   2.6981104043740552e-02
  1046  1046   5.4530467141823369e-01
  1209  1046   5.4739734638533433e-02
  1445  1046  -9.2025555591602644e-03
   790  1052   1.8331070922823479e-02
   791  1052   3.9734037686458154e-02
   793  1052  -2.2607201441532301e-03
  1052  1052   4.1992760654022337e-01
  1089  1052   2.3703589233770059e-02
  1204  1052   7.9610876145798065e-02
  1209  1052   1.0116561126420649e-01
  1210  1052   2.3295981564553581e-02
  1211  1052   1.7055066614264609e-02
  1237  1052   4.9668244132656568e-03
  1597  1052  -2.9142652196044640e-02
   791  1089  -1.2857432178801040e-02
   793  1089  -7.2663795225615183e-03
   868  1089   5.1551444841571627e-02
  1052  1089   2.3703589233770059e-02
  1089  1089   3.6806138182277992e-01
  1204  1089   5.6953352974554547e-02
  1210  1089  -2.8336615834003889e-02
  1211  1089  -7.6854467592656528e-04
  1214  1089  -2.3658710893393432e-02
  1237  1089  -2.7546844647773121e-02
  1615  1089   3.1144195063783973e-03
  1052  1204   7.9610876145798065e-02
  1089  1204   5.6953352974554547e-02
  1204  1204   4.3340510306717772e-01
  1209  1204   3.3078036524608348e-02
  1210  1204   4.1982797373390909e-03
  1211  1204   1.7242532909226671e-02
  1214  1204  -2.1244976678043942e-03
  1220  1204  -4.7815572343596083e-02
  1237  1204  -4.2627105804668754e-03
  1597  1204  -6.1341587162646836e-02
  1615  1204  -9.0346224682701873e-04
  1700  1204  -1.0870162618172660e-01
   788  1209   5.5860131074420725e-03
   790  1209  -1.6042750771776491e-02
  1046  1209   5.4739734638533433e-02
  1052  1209   1.0116561126420649e-01
  1204  1209   3.3078036524608348e-02
  1209  1209   4.4958621373339014e-01
  1211  1209  -2.9536094661843232e-03
  1441  1209  -6.1660283136421155e-02
  1445  1209  -7.7473609148729613e-03
  1597  1209  -8.5648223845320906e-02
  1701  1209  -2.1259784815156980e-02
   791  1210   7.6305911532201759e-02
   793  1210  -6.1904798788526118e-03
   929  1210   2.6499235845639821e-03
   930  1210   3.1717499812339414e-02
   931  1210   3.9261473802514171e-02
  1052  1210   2.3295981564553581e-02
  1089  1210  -2.8336615834003889e-02
  1204  1210   4.1982797373390909e-03
  1210  1210   4.4296091100850976e-01
  1211  1210   4.1874570222904764e-02
  1237  1210   5.0527820925672914e-02
  1314  1210   7.8769195903547501e-02
  1315  1210   3.6224564676070867e-02
  1441  1210  -3.9423374868664429e-02
  1443  1210  -4.2498217590451866e-02
  1446  1210   9.1034345364280327e-03
  1701  1210   6.3531125422417022e-03
  1052  1211   1.7055066614264609e-02
  1089  1211  -7.6854467592656528e-04
  1204  1211   1.7242532909226671e-02
  1209  1211  -2.9536094661843232e-03
  1210  1211   4.1874570222904764e-02
  1211  1211   2.1304958112473552e-01
  1237  1211   1.2281247639404230e-02
  1314  1211   1.9429456828519449e-02
  1441  1211   8.0589306004044670e-04
  1597  1211   1.1785251363682961e-02
  1701  1211   5.1993097642127388e-02
   868  1213  -2.0805257744067041e-02
   869  1213  -2.2566894053568311e-03
  1019  1213   4.8781972236626607e-02
  1213  1213   4.0191001189538467e-01
  1273  1213   4.9487642247671569e-02
  1307  1213  -1.4935548860422681e-02
  1308  1213  -5.3914568334283410e-02
  1309  1213  -3.7832806151875112e-03
  1412  1213   2.0374271151303868e-02
  1705  1213   6.9485403651401503e-02
   868  1214  -3.3212727721846469e-02
   869  1214  -1.3139177575100769e-02
  1089  1214  -2.3658710893393432e-02
  1204  1214  -2.1244976678043942e-03
  1214  1214   2.8069447469523573e-01
  1215  1214   5.4160880522701391e-02
  1237  1214   4.0429471922161737e-02
  1273  1214   6.8164936804397653e-05
  1312  1214   3.7134351436723660e-02
  1615  1214   1.0799735699873511e-02
  1702  1214   5.0108603353651582e-03
  1706  1214   1.5067927494149270e-02
   868  1215   1.5146579103483110e-03
   869  1215  -2.0287524197244430e-02
  1019  1215  -2.8250599134550448e-02
  1020  1215   6.9645964093187742e-03
  1214  1215   5.4160880522701391e-02
  1215  1215   4.2894817839727356e-01
  1216  1215  -8.3167321557024471e-04
  1273  1215  -2.7778325835716801e-02
  1312  1215   1.0809304369154709e-02
  1706  1215   5.3869976310184559e-02
  1215  1216  -8.3167321557024471e-04
  1216  1216   2.2361507541769149e-01
  1706  1216   2.5523602446838258e-03
   926  1217  -3.3626293255679666e-02
   927  1217  -1.6783910242427893e-02
  1217  1217   2.7831656184445297e-01
  1308  1217  -8.4460139954923748e-03
  1310  1217  -2.1662729534352568e-02
  1313  1217   6.5692676473854284e-03
  1315  1217   5.8584774559992522e-03
  1317  1217   2.7139614579413430e-02
  1318  1217  -2.4134733101372020e-02
  1437  1217   4.6135420444308371e-02
  1709  1217   1.2608910534076560e-02
  1204  1220  -4.7815572343596083e-02
  1220  1220   4.2389210370135028e-01
  1222  1220   1.2500563630163509e-02
  1597  1220   2.6585493027640829e-02
  1641  1220   1.3573394637263178e-01
  1642  1220   5.4292278213068770e-02
  1700  1220   3.3413608225012811e-02
  1220  1222   1.2500563630163509e-02
  1222  1222   2.0441495188520750e-01
  1597  1222   3.2812790378462511e-03
  1641  1222  -9.8868005409920856e-03
  1642  1222  -1.1423260745579572e-03
  1052  1237   4.9668244132656568e-03
  1089  1237  -2.7546844647773121e-02
  1204  1237  -4.2627105804668754e-03
  1210  1237   5.0527820925672914e-02
  1211  1237   1.2281247639404230e-02
  1214  1237   4.0429471922161737e-02
  1237  1237   3.0077096490452687e-01
  1312  1237   2.7457599929390470e-02
  1314  1237   2.1141728042121759e-02
  1441  1237  -1.3076344286277750e-02
  1615  1237  -1.9787190789091139e-02
  1701  1237  -3.8725955069636206e-02
  1702  1237   3.2447736527528824e-02
  1723  1237  -5.5229718311379352e-03
   868  1273  -5.3610873839578639e-02
   869  1273  -1.4672022234627680e-02
  1213  1273   4.9487642247671569e-02
  1214  1273   6.8164936804397653e-05
  1215  1273  -2.7778325835716801e-02
  1273  1273   2.4915470912786902e-01
  1307  1273  -2.9977923948941720e-02
  1308  1273  -2.1782846720922910e-02
  1309  1273   3.0162880172325489e-03
  1312  1273   1.9842880208724590e-02
  1705  1273   5.1768225591668743e-02
  1706  1273  -1.4335688478784969e-02
  1779  1273   1.7343954543572921e-02
  1213  1307  -1.4935548860422681e-02
  1273  1307  -2.9977923948941720e-02
  1307  1307   1.9844634789690171e-01
  1308  1307   3.5006955746659778e-03
  1309  1307  -2.2325085515541368e-02
  1310  1307   2.1512391556623139e-03
  1312  1307  -1.2380434584023339e-02
  1313  1307   3.1410051270815906e-02
  1705  1307  -6.1289856242926918e-02
  1706  1307   7.6110443308033014e-03
  1724  1307   1.6320136108527600e-03
  1779  1307  -3.1444153318484200e-02
  1828  1307   1.8960684253921570e-02
   868  1308   2.8629932529826291e-03
   869  1308  -6.0318455423219930e-03
   926  1308   1.5600977086488900e-02
  1213  1308  -5.3914568334283410e-02
  1217  1308  -8.4460139954923748e-03
  1273  1308  -2.1782846720922910e-02
  1307  1308   3.5006955746659778e-03
  1308  1308   2.3377842336818261e-01
  1309  1308   4.8359538169196206e-02
  1310  1308  -4.8523803287512119e-03
  1313  1308  -4.3736514830541480e-02
  1705  1308  -1.1919260843190140e-02
  1828  1308  -2.7907372313791291e-02
  1213  1309  -3.7832806151875112e-03
  1273  1309   3.0162880172325489e-03
  1307  1309  -2.2325085515541368e-02
  1308  1309   4.8359538169196206e-02
  1309  1309   2.9873576706867810e-01
  1310  1309  -2.8211469727086391e-02
  1313  1309  -3.0058611469453600e-02
  1408  1309   8.0526507944918661e-03
  1412  1309   7.9466030006836649e-03
  1705  1309   1.1374876031932310e-02
  1709  1309  -3.1905810818521889e-02
  1828  1309  -1.0022505697473449e-01
   926  1310   1.6430162615803868e-02
  1217  1310  -2.1662729534352568e-02
  1307  1310   2.1512391556623139e-03
  1308  1310  -4.8523803287512119e-03
  1309  1310  -2.8211469727086391e-02
  1310  1310   1.8202893360941588e-01
  1313  1310   3.2981089424223085e-02
  1408  1310  -2.7804660810078542e-03
  1709  1310   1.1674581270191000e-02
  1828  1310   2.2220252770538920e-02
  1214  1312   3.7134351436723660e-02
  1215  1312   1.0809304369154709e-02
  1237  1312   2.7457599929390470e-02
  1273  1312   1.9842880208724590e-02
  1307  1312  -1.2380434584023339e-02
  1312  1312   3.6481003239077020e-01
  1313  1312  -5.2521493912439453e-02
  1314  1312   2.6735927462760510e-02
  1615  1312   8.6709088409668415e-04
  1701  1312  -2.3633811002231201e-03
  1702  1312  -2.6371284791418169e-02
  1705  1312   9.7329102127696222e-03
  1706  1312   4.0580487263361581e-02
  1723  1312  -3.6444855320204680e-02
  1724  1312  -1.1282450286639960e-03
  1779  1312   6.1151498996332196e-02
  1828  1312  -2.7617507817366879e-02
  1834  1312  -6.3639805813602134e-03
   926  1313   3.6456638594703841e-02
   927  1313   2.3623427840986202e-04
  1217  1313   6.5692676473854284e-03
  1307  1313   3.1410051270815906e-02
  1308  1313  -4.3736514830541480e-02
  1309  1313  -3.0058611469453600e-02
  1310  1313   3.2981089424223085e-02
  1312  1313  -5.2521493912439453e-02
  1313  1313   4.1927615344052083e-01
  1314  1313  -4.0604540297711364e-02
  1315  1313  -4.1807877819091795e-02
  1437  1313   1.5039011596359170e-02
  1446  1313   5.5408149287079107e-03
  1723  1313   2.7001141524740467e-04
  1724  1313   3.3791612291698164e-02
  1779  1313  -2.9249521428219641e-02
  1828  1313   1.0979668066901431e-01
  1834  1313   4.3722095924736130e-02
  1210  1314   7.8769195903547501e-02
  1211  1314   1.9429456828519449e-02
  1237  1314   2.1141728042121759e-02
  1312  1314   2.6735927462760510e-02
  1313  1314  -4.0604540297711364e-02
  1314  1314   2.8418845437448581e-01
  1315  1314   2.9820966469350819e-02
  1437  1314  -1.5244626915428480e-03
  1441  1314  -3.0966610099618343e-02
  1443  1314  -1.5470821436804071e-02
  1446  1314   8.1901645022300490e-03
  1701  1314   2.3737429474116799e-02
  1702  1314  -3.1595907309148142e-03
  1723  1314   1.3815937359144810e-02
  1724  1314  -6.0939691661128096e-03
  1834  1314  -4.8655031479633163e-03
   926  1315  -5.2432942757886063e-02
   927  1315   4.2396977409762428e-03
   929  1315   2.9811172094289549e-02
   930  1315   4.9511688559289741e-03
   931  1315   1.5750808355802212e-02
  1210  1315   3.6224564676070867e-02
  1217  1315   5.8584774559992522e-03
  1313  1315  -4.1807877819091795e-02
  1314  1315   2.9820966469350819e-02
  1315  1315   3.1193898480977900e-01
  1437  1315   2.5433717840969820e-02
  1441  1315  -6.3673869003760411e-03
  1443  1315   4.1274947526527359e-03
  1446  1315  -4.2184131565098683e-02
  1834  1315  -7.0652776202507605e-03
   939  1316   1.3162911213068730e-02
   943  1316   8.6673469509991174e-03
  1316  1316   3.5702946607142733e-01
  1317  1316   2.3330197797788391e-03
  1318  1316  -3.7284535942035692e-03
  1319  1316  -1.1878614721560321e-02
  1437  1316  -3.5013363678934170e-03
  1439  1316   2.5559813450796949e-02
  1440  1316   4.8412418843531554e-03
  1442  1316  -2.9436936176069701e-02
  1455  1316   6.4648848278620274e-02
  1464  1316  -1.8195443276844119e-02
  1709  1316   4.3590885461921976e-02
  1837  1316   7.3718446164415752e-02
   871  1317   9.5657053173889301e-03
   927  1317  -2.0425513725633230e-02
   928  1317   2.5838147224802710e-02
   929  1317   1.9405748907739558e-02
   939  1317   1.5888703585704898e-02
   943  1317   7.2459970615078945e-02
  1217  1317   2.7139614579413430e-02
  1316  1317   2.3330197797788391e-03
  1317  1317   3.4439092611018252e-01
  1318  1317  -2.5511025633802281e-02
  1437  1317   5.1039887337588560e-02
  1442  1317   4.1575524590017253e-02
  1455  1317   8.7840692504921967e-03
  1837  1317  -7.2629535397107465e-03
   927  1318   3.9637823134590910e-03
  1217  1318  -2.4134733101372020e-02
  1316  1318  -3.7284535942035692e-03
  1317  1318  -2.5511025633802281e-02
  1318  1318   1.7545680550153880e-01
  1319  1318   5.8671463232488136e-05
  1437  1318  -5.1928586667012314e-03
  1442  1318  -3.7616171718173291e-03
  1709  1318  -1.0342099455165120e-03
  1837  1318   3.1976638144994890e-03
  1316  1319  -1.1878614721560321e-02
  1318  1319   5.8671463232488136e-05
  1319  1319   1.5966906367871092e-01
  1464  1319   8.4212058065334867e-04
  1709  1319  -3.4057725190832521e-03
  1710  1319   3.6326795665280577e-03
  1835  1319  -3.5348801365540070e-03
  1837  1319  -1.1756904626669141e-02
  1838  1319  -1.0459698758277521e-02
  1309  1408   8.0526507944918661e-03
  1310  1408  -2.7804660810078542e-03
  1408  1408   1.6512012115904998e-01
  1412  1408   1.1613986106774599e-02
  1414  1408   5.4274974591505621e-03
  1709  1408  -1.2045924669030920e-02
  1711  1408   1.7329654145974569e-02
  1828  1408  -1.3510763306077990e-02
  1830  1408   3.6138269266157851e-03
  1951  1408   3.1177580458171279e-02
  1213  1412   2.0374271151303868e-02
  1309  1412   7.9466030006836649e-03
  1408  1412   1.1613986106774599e-02
  1412  1412   3.5432629556660400e-01
  1414  1412   1.2407567947590261e-02
  1705  1412   6.3137449328760004e-02
  1711  1412   2.2398948876776820e-02
  1951  1412   7.2817616867335427e-02
  1953  1412   2.2732458420402460e-02
  1954  1412   2.0594456117204060e-02
  1964  1412   2.0101119871992802e-02
  1408  1414   5.4274974591505621e-03
  1412  1414   1.2407567947590261e-02
  1414  1414   1.7128735205907500e-01
  1711  1414   2.8265307337466392e-03
  1951  1414   1.7207803377188649e-02
  1954  1414  -6.6879125734763828e-04
  1961  1414   3.9275626050738538e-03
  1964  1414   2.5005233489476919e-02
   906  1419   1.9186179239137000e-02
   907  1419   4.9761429536053600e-02
   908  1419   3.0334348523229778e-04
   934  1419   4.2755209717035773e-02
   940  1419   8.1580320415992717e-03
   941  1419   1.3821906918247350e-02
   942  1419   3.0121947838326120e-02
  1038  1419  -1.3733422830951480e-02
  1039  1419  -3.0099616729578321e-03
  1419  1419   3.3319467945490849e-01
  1448  1419   5.5428498713482502e-02
  1449  1419  -5.5938431784444053e-03
  1456  1419   3.4795590299188418e-02
   926  1437  -5.6222431775893892e-03
   927  1437   5.5026936081897003e-03
  1217  1437   4.6135420444308371e-02
  1313  1437   1.5039011596359170e-02
  1314  1437  -1.5244626915428480e-03
  1315  1437   2.5433717840969820e-02
  1316  1437  -3.5013363678934170e-03
  1317  1437   5.1039887337588560e-02
  1318  1437  -5.1928586667012314e-03
  1437  1437   2.8155000466306718e-01
  1442  1437   4.6854266373820855e-02
  1446  1437  -4.0950001358894407e-02
  1834  1437   1.3577751380258490e-02
  1837  1437  -2.0367580061382267e-02
  1974  1437   6.9113956198145711e-03
   928  1439   1.8192047896261870e-02
   939  1439  -1.1720555138163050e-03
   940  1439   1.7944010083209283e-02
   941  1439   6.4599194856047662e-03
  1316  1439   2.5559813450796949e-02
  1439  1439   3.2618936449450203e-01
  1440  1439   7.8457603086620788e-03
  1455  1439   5.9107305631276530e-02
  1456  1439   4.9582243455533387e-02
  1458  1439  -3.4035883044563037e-02
  1975  1439   6.5098439426799701e-03
   939  1440   4.9210638991539169e-03
  1316  1440   4.8412418843531554e-03
  1439  1440   7.8457603086620788e-03
  1440  1440   1.9452767579425120e-01
  1455  1440   2.4296664884247740e-02
  1458  1440  -2.6713159360355378e-04
  1464  1440  -8.5228966645590296e-03
  1975  1440   3.3692236873040689e-02
  1209  1441  -6.1660283136421155e-02
  1210  1441  -3.9423374868664429e-02
  1211  1441   8.0589306004044670e-04
  1237  1441  -1.3076344286277750e-02
  1314  1441  -3.0966610099618343e-02
  1315  1441  -6.3673869003760411e-03
  1441  1441   3.4406897898151562e-01
  1443  1441   2.6981591428908630e-02
  1444  1441  -1.6014083947012970e-02
  1445  1441   9.4219458818082441e-02
  1446  1441  -9.9589150031061096e-03
  1447  1441  -3.9805794163407272e-02
  1597  1441   2.4303283709647419e-02
  1701  1441   3.1415621012944275e-02
   939  1442   1.1672229949307750e-04
   943  1442   2.3511094362500630e-02
  1316  1442  -2.9436936176069701e-02
  1317  1442   4.1575524590017253e-02
  1318  1442  -3.7616171718173291e-03
  1437  1442   4.6854266373820855e-02
  1442  1442   4.6118512440600590e-01
  1444  1442  -8.1152236891585044e-02
  1446  1442  -9.4007988081372534e-02
  1448  1442  -8.6137371576344088e-03
  1455  1442  -2.8443915378948151e-02
  1459  1442   4.4685235743703394e-02
  1834  1442  -1.1958833697188519e-02
  1837  1442  -6.4515506477471743e-02
  1974  1442   5.1916243769664611e-02
   929  1443   1.5156383467681899e-02
   930  1443  -1.6602321619408791e-02
   931  1443  -2.3012452713649920e-03
   932  1443  -4.9583393882221992e-03
   935  1443  -2.7218127242776610e-02
  1037  1443  -2.0832925155229091e-03
  1039  1443  -2.4606664194405780e-03
  1210  1443  -4.2498217590451866e-02
  1314  1443  -1.5470821436804071e-02
  1315  1443   4.1274947526527359e-03
  1441  1443   2.6981591428908630e-02
  1443  1443   3.3824021541998239e-01
  1444  1443  -7.1120299383128624e-02
  1446  1443  -7.3385246220686220e-02
  1447  1443   2.6122000894494929e-02
   934  1444  -1.5510843049853131e-03
   935  1444   2.2287220131757352e-02
   943  1444  -2.7105522709607612e-02
  1037  1444  -5.6157673260811471e-03
  1039  1444  -9.9829261745215479e-03
  1441  1444  -1.6014083947012970e-02
  1442  1444  -8.1152236891585044e-02
  1443  1444  -7.1120299383128624e-02
  1444  1444   2.8471118671093060e-01
  1446  1444   4.3883017165441990e-02
  1447  1444  -1.4896777210296221e-02
  1448  1444  -6.8380200463528896e-03
  1455  1444   1.0652551015415880e-02
  1459  1444  -3.7612735768514871e-02
  1974  1444  -2.0753087656006110e-02
   933  1445  -3.5473451547017179e-03
  1037  1445   4.0500167377469226e-02
  1039  1445  -2.9846290469577177e-02
  1041  1445  -1.7191685372160391e-02
  1046  1445  -9.2025555591602644e-03
  1209  1445  -7.7473609148729613e-03
  1441  1445   9.4219458818082441e-02
  1445  1445   3.2103030070833433e-01
  1447  1445  -5.5291039563170392e-02
  1210  1446   9.1034345364280327e-03
  1313  1446   5.5408149287079107e-03
  1314  1446   8.1901645022300490e-03
  1315  1446  -4.2184131565098683e-02
  1437  1446  -4.0950001358894407e-02
  1441  1446  -9.9589150031061096e-03
  1442  1446  -9.4007988081372534e-02
  1443  1446  -7.3385246220686220e-02
  1444  1446   4.3883017165441990e-02
  1446  1446   3.5204308354747998e-01
  1447  1446  -1.5445960814694281e-02
  1459  1446  -1.9652933332418372e-02
  1834  1446   2.1861064064139010e-02
  1837  1446   1.8870229317003089e-02
  1974  1446  -4.1743398557968131e-02
   935  1447  -3.1551009066405670e-03
  1037  1447  -3.9419340308359486e-03
  1039  1447  -1.2184206656905200e-02
  1041  1447  -6.0669750925704796e-03
  1441  1447  -3.9805794163407272e-02
  1443  1447   2.6122000894494929e-02
  1444  1447  -1.4896777210296221e-02
  1445  1447  -5.5291039563170392e-02
  1446  1447  -1.5445960814694281e-02
  1447  1447   1.9832660437393651e-01
   934  1448   3.5835315085184803e-02
   935  1448  -6.1504930131559372e-03
   943  1448   5.0094362667818235e-02
  1038  1448  -4.7431460720045848e-03
  1039  1448  -1.0230758324751409e-02
  1419  1448   5.5428498713482502e-02
  1442  1448  -8.6137371576344088e-03
  1444  1448  -6.8380200463528896e-03
  1448  1448   3.5547266246828169e-01
  1449  1448   2.0388463786278031e-02
  1455  1448   9.9483924273852220e-02
  1457  1448   2.5166529296890741e-02
  1459  1448  -3.1108979965995175e-02
  1976  1448  -2.8762281734055779e-02
  1419  1449  -5.5938431784444053e-03
  1448  1449   2.0388463786278031e-02
  1449  1449   1.9937805802620609e-01
  1456  1449  -5.2129628698309042e-03
  1457  1449  -4.3364056421486127e-03
   939  1455   1.5951318301092109e-02
   943  1455   3.4841108795194607e-02
  1316  1455   6.4648848278620274e-02
  1317  1455   8.7840692504921967e-03
  1439  1455   5.9107305631276530e-02
  1440  1455   2.4296664884247740e-02
  1442  1455  -2.8443915378948151e-02
  1444  1455   1.0652551015415880e-02
  1448  1455   9.9483924273852220e-02
  1455  1455   4.9972107593857773e-01
  1457  1455   7.5823590904187999e-02
  1458  1455  -1.7676493991679792e-02
  1459  1455  -2.3468477777067179e-02
  1975  1455   6.4335150586402240e-02
  1976  1455  -5.2815388719099736e-02
   940  1456   5.8922688561476463e-02
   941  1456  -2.4792639037490311e-03
   942  1456   8.7272113105797845e-03
  1419  1456   3.4795590299188418e-02
  1439  1456   4.9582243455533387e-02
  1449  1456  -5.2129628698309042e-03
  1456  1456   3.8411742589530978e-01
  1457  1456   5.5082428708568651e-02
  1458  1456  -2.7784097707014919e-02
  1448  1457   2.5166529296890741e-02
  1449  1457  -4.3364056421486127e-03
  1455  1457   7.5823590904187999e-02
  1456  1457   5.5082428708568651e-02
  1457  1457   2.8677443243776091e-01
  1458  1457  -1.4462727989175080e-02
  1459  1457  -1.2821740054689940e-02
  1975  1457   2.2363340841752212e-02
  1976  1457  -3.7225627779711168e-02
  1439  1458  -3.4035883044563037e-02
  1440  1458  -2.6713159360355378e-04
  1455  1458  -1.7676493991679792e-02
  1456  1458  -2.7784097707014919e-02
  1457  1458  -1.4462727989175080e-02
  1458  1458   2.3262637728669391e-01
  1975  1458   2.2419120397440128e-03
  1976  1458   3.5843948957370261e-03
   943  1459   2.0388138577814678e-03
  1442  1459   4.4685235743703394e-02
  1444  1459  -3.7612735768514871e-02
  1446  1459  -1.9652933332418372e-02
  1448  1459  -3.1108979965995175e-02
  1455  1459  -2.3468477777067179e-02
  1457  1459  -1.2821740054689940e-02
  1459  1459   2.0336098076376369e-01
  1974  1459  -1.4108336381708541e-02
  1976  1459  -2.5129837461341890e-02
  1316  1464  -1.8195443276844119e-02
  1319  1464   8.4212058065334867e-04
  1440  1464  -8.5228966645590296e-03
  1464  1464   3.2432574234167094e-01
  1710  1464   2.2391889510113609e-02
  1838  1464   6.4469035893151033e-02
  1975  1464  -7.3233567725607268e-02
  1052  1597  -2.9142652196044640e-02
  1204  1597  -6.1341587162646836e-02
  1209  1597  -8.5648223845320906e-02
  1211  1597   1.1785251363682961e-02
  1220  1597   2.6585493027640829e-02
  1222  1597   3.2812790378462511e-03
  1441  1597   2.4303283709647419e-02
  1597  1597   3.9881747213533081e-01
  1641  1597   4.0030956333458496e-02
  1701  1597   9.8186060767478489e-02
  1606  1606   3.5596168436932019e-01
  1616  1606  -5.1656467266114024e-02
  1089  1615   3.1144195063783973e-03
  1204  1615  -9.0346224682701873e-04
  1214  1615   1.0799735699873511e-02
  1237  1615  -1.9787190789091139e-02
  1312  1615   8.6709088409668415e-04
  1615  1615   1.8929364983322899e-01
  1700  1615   1.5452069951035039e-02
  1702  1615  -2.3580212605590248e-02
  1606  1616  -5.1656467266114024e-02
  1616  1616   2.9600114732038979e-01
  1620  1616   1.6970325079473159e-02
  1616  1620   1.6970325079473159e-02
  1620  1620   3.2860611283078944e-01
  1630  1630   2.9978289979208639e-01
  2124  1630  -9.5718628012204376e-03
  2134  1630  -1.1805551212020130e-02
  2135  1630  -2.3926609897672131e-03
  2136  1630   2.9670729401945279e-02
  1220  1641   1.3573394637263178e-01
  1222  1641  -9.8868005409920856e-03
  1597  1641   4.0030956333458496e-02
  1641  1641   4.5769609617783791e-01
  1642  1641   4.8763461335428339e-02
  1701  1641   2.0826700771675869e-02
  1703  1641   2.9350454957119642e-02
  2137  1641   4.2438547972757716e-04
  1220  1642   5.4292278213068770e-02
  1222  1642  -1.1423260745579572e-03
  1641  1642   4.8763461335428339e-02
  1642  1642   2.4008318960546010e-01
  1700  1642   5.1269590331520495e-02
  1703  1642   2.4964915757537679e-02
  2123  1642  -1.0304628998137640e-02
  1204  1700  -1.0870162618172660e-01
  1220  1700   3.3413608225012811e-02
  1615  1700   1.5452069951035039e-02
  1642  1700   5.1269590331520495e-02
  1700  1700   6.8424824182848809e-01
  1702  1700  -9.8777489351137629e-02
  1703  1700   1.1795284558951691e-01
  2123  1700  -4.0473190510883737e-02
  2185  1700   5.6197776436181903e-04
  1209  1701  -2.1259784815156980e-02
  1210  1701   6.3531125422417022e-03
  1211  1701   5.1993097642127388e-02
  1237  1701  -3.8725955069636206e-02
  1312  1701  -2.3633811002231201e-03
  1314  1701   2.3737429474116799e-02
  1441  1701   3.1415621012944275e-02
  1597  1701   9.8186060767478489e-02
  1641  1701   2.0826700771675869e-02
  1701  1701   4.2468973724040521e-01
  1702  1701  -4.4026975983019086e-02
  1703  1701   3.0319292132302840e-02
  1723  1701   2.3785768303559541e-02
  2137  1701   3.8083888857105182e-02
  2185  1701  -5.7854642580963851e-03
  1214  1702   5.0108603353651582e-03
  1237  1702   3.2447736527528824e-02
  1312  1702  -2.6371284791418169e-02
  1314  1702  -3.1595907309148142e-03
  1615  1702  -2.3580212605590248e-02
  1700  1702  -9.8777489351137629e-02
  1701  1702  -4.4026975983019086e-02
  1702  1702   3.7843030788986748e-01
  1703  1702  -4.1584327153736410e-02
  1723  1702   1.8208111401543110e-02
  2123  1702   1.4461865389868711e-02
  2137  1702  -6.2967943661308701e-03
  2185  1702   3.4207992743332055e-02
  1641  1703   2.9350454957119642e-02
  1642  1703   2.4964915757537679e-02
  1700  1703   1.1795284558951691e-01
  1701  1703   3.0319292132302840e-02
  1702  1703  -4.1584327153736410e-02
  1703  1703   3.5759278480400430e-01
  1723  1703   5.1133010803448495e-04
  2123  1703  -4.2742065788837637e-02
  2137  1703  -9.2449717429052870e-03
  2185  1703   1.1891414091638141e-02
  1213  1705   6.9485403651401503e-02
  1273  1705   5.1768225591668743e-02
  1307  1705  -6.1289856242926918e-02
  1308  1705  -1.1919260843190140e-02
  1309  1705   1.1374876031932310e-02
  1312  1705   9.7329102127696222e-03
  1412  1705   6.3137449328760004e-02
  1705  1705   5.2523460496657881e-01
  1706  1705  -2.6253387995142631e-02
  1779  1705   7.9955386091963218e-02
  1950  1705   9.7347801503257309e-02
  1953  1705   5.8202483166611335e-02
  2187  1705   5.9391767637951183e-03
  1214  1706   1.5067927494149270e-02
  1215  1706   5.3869976310184559e-02
  1216  1706   2.5523602446838258e-03
  1273  1706  -1.4335688478784969e-02
  1307  1706   7.6110443308033014e-03
  1312  1706   4.0580487263361581e-02
  1705  1706  -2.6253387995142631e-02
  1706  1706   2.9823962724490533e-01
  1779  1706  -1.3137131473554929e-02
  1950  1706  -1.0815311757318620e-02
  2187  1706  -4.1564775218146104e-02
  1217  1709   1.2608910534076560e-02
  1309  1709  -3.1905810818521889e-02
  1310  1709   1.1674581270191000e-02
  1316  1709   4.3590885461921976e-02
  1318  1709  -1.0342099455165120e-03
  1319  1709  -3.4057725190832521e-03
  1408  1709  -1.2045924669030920e-02
  1709  1709   4.3725092816395528e-01
  1710  1709  -1.2634870570398131e-02
  1711  1709  -1.1888341199155881e-02
  1828  1709   7.7180684959615151e-02
  1830  1709   3.5978754831727709e-02
  1835  1709   4.5709280032283202e-02
  1837  1709   9.5133623206591716e-02
  1838  1709  -3.1253918287950599e-03
  1951  1709  -6.4476635042171725e-03
  2190  1709   4.3952917174008680e-04
  1319  1710   3.6326795665280577e-03
  1464  1710   2.2391889510113609e-02
  1709  1710  -1.2634870570398131e-02
  1710  1710   3.0596094656217493e-01
  1711  1710  -2.1964675111394702e-02
  1830  1710  -7.7227899563248933e-03
  1831  1710   2.8690595953598770e-03
  1832  1710   2.7143837627571651e-02
  1835  1710   1.5477735272503779e-02
  1837  1710  -6.6602719653490678e-03
  1838  1710   5.6867459354220981e-02
  1961  1710  -2.5127762840880991e-02
  2190  1710  -5.5084618397866908e-02
  1408  1711   1.7329654145974569e-02
  1412  1711   2.2398948876776820e-02
  1414  1711   2.8265307337466392e-03
  1709  1711  -1.1888341199155881e-02
  1710  1711  -2.1964675111394702e-02
  1711  1711   2.3188960551299201e-01
  1828  1711  -1.0061490430832961e-02
  1830  1711   1.6347288555435779e-02
  1831  1711  -6.3709257564239386e-03
  1835  1711  -7.2832607845848066e-03
  1951  1711   5.5640748866516210e-02
  1961  1711   2.4247022987959221e-02
  2190  1711   4.2449106873052131e-02
  1237  1723  -5.5229718311379352e-03
  1312  1723  -3.6444855320204680e-02
  1313  1723   2.7001141524740467e-04
  1314  1723   1.3815937359144810e-02
  1701  1723   2.3785768303559541e-02
  1702  1723   1.8208111401543110e-02
  1703  1723   5.1133010803448495e-04
  1723  1723   2.9205847378144417e-01
  1724  1723  -3.3941239165370458e-02
  1834  1723   1.4220956529469159e-02
  1836  1723   3.5960805374377681e-03
  2137  1723   2.2721982255416901e-02
  2185  1723   2.6742341238158218e-02
  2186  1723   3.8877148777596071e-02
  1307  1724   1.6320136108527600e-03
  1312  1724  -1.1282450286639960e-03
  1313  1724   3.3791612291698164e-02
  1314  1724  -6.0939691661128096e-03
  1723  1724  -3.3941239165370458e-02
  1724  1724   2.2777008930414500e-01
  1779  1724  -1.5252633373011949e-02
  1828  1724   1.7456568171707199e-02
  1829  1724  -5.3527429730222103e-03
  1834  1724   2.7242593396967621e-02
  1836  1724   1.9079640006985541e-03
  2186  1724  -2.8961737345566261e-02
  1273  1779   1.7343954543572921e-02
  1307  1779  -3.1444153318484200e-02
  1312  1779   6.1151498996332196e-02
  1313  1779  -2.9249521428219641e-02
  1705  1779   7.9955386091963218e-02
  1706  1779  -1.3137131473554929e-02
  1724  1779  -1.5252633373011949e-02
  1779  1779   3.7379558889245190e-01
  1828  1779  -8.6675018824947811e-02
  1829  1779   1.2431932677045171e-02
  1836  1779  -2.0431671147133078e-02
  1950  1779   5.8759816149788306e-02
  2186  1779  -5.8436479005853574e-02
  2187  1779  -6.1023637005868710e-03
  1307  1828   1.8960684253921570e-02
  1308  1828  -2.7907372313791291e-02
  1309  1828  -1.0022505697473449e-01
  1310  1828   2.2220252770538920e-02
  1312  1828  -2.7617507817366879e-02
  1313  1828   1.0979668066901431e-01
  1408  1828  -1.3510763306077990e-02
  1709  1828   7.7180684959615151e-02
  1711  1828  -1.0061490430832961e-02
  1724  1828   1.7456568171707199e-02
  1779  1828  -8.6675018824947811e-02
  1828  1828   5.1594327084634317e-01
  1829  1828  -3.2046279400413151e-02
  1830  1828   1.5673777076507051e-02
  1836  1828   4.9187636003750798e-02
  1951  1828  -4.2448140012799694e-02
  2186  1828   1.5078928174110860e-02
  2275  1828  -5.3866583398679193e-03
  1724  1829  -5.3527429730222103e-03
  1779  1829   1.2431932677045171e-02
  1828  1829  -3.2046279400413151e-02
  1829  1829   1.8767346753892120e-01
  1830  1829   6.8276157147014631e-04
  1836  1829  -1.1337623324742412e-02
  1950  1829   2.9376799523892681e-02
  1951  1829   3.7638741749197437e-02
  2186  1829   4.5749832896387040e-03
  2187  1829   3.6515063961903441e-03
  2192  1829   3.6502908862180378e-03
  2275  1829   1.7221425326859229e-02
  1408  1830   3.6138269266157851e-03
  1709  1830   3.5978754831727709e-02
  1710  1830  -7.7227899563248933e-03
  1711  1830   1.6347288555435779e-02
  1828  1830   1.5673777076507051e-02
  1829  1830   6.8276157147014631e-04
  1830  1830   2.3802666063680400e-01
  1835  1830   4.9976330365528454e-03
  1836  1830   2.2497349351495010e-02
  1951  1830   2.0620961246205959e-02
  2190  1830   3.7520581178797689e-02
  2275  1830   3.2929480828652199e-02
  1710  1831   2.8690595953598770e-03
  1711  1831  -6.3709257564239386e-03
  1831  1831   1.6260063367397440e-01
  1832  1831  -1.2270001828278270e-02
  1840  1831  -1.8425067604535742e-04
  1961  1831  -1.9256557452823852e-02
  2190  1831  -1.6958813417886510e-02
  2276  1831  -8.6136869482677236e-03
  2281  1831  -6.7078111894727718e-03
  1710  1832   2.7143837627571651e-02
  1831  1832  -1.2270001828278270e-02
  1832  1832   3.7761281014594650e-01
  1839  1832   6.4003920037382879e-03
  1840  1832   1.2802925608133411e-02
  1841  1832   2.0456182733216140e-02
  2280  1832   4.1268366293265052e-02
  2281  1832   5.1694219937063690e-02
  2283  1832   1.8091015593721779e-03
  1312  1834  -6.3639805813602134e-03
  1313  1834   4.3722095924736130e-02
  1314  1834  -4.8655031479633163e-03
  1315  1834  -7.0652776202507605e-03
  1437  1834   1.3577751380258490e-02
  1442  1834  -1.1958833697188519e-02
  1446  1834   2.1861064064139010e-02
  1723  1834   1.4220956529469159e-02
  1724  1834   2.7242593396967621e-02
  1834  1834   3.6029538831980029e-01
  1835  1834   1.1846159190260711e-01
  1836  1834   2.9281227335626592e-02
  1837  1834   4.6525926183847613e-02
  1838  1834   2.4312543477554103e-02
  1974  1834   1.5082127500240690e-02
  2186  1834  -1.5612893117406830e-03
  1319  1835  -3.5348801365540070e-03
  1709  1835   4.5709280032283202e-02
  1710  1835   1.5477735272503779e-02
  1711  1835  -7.2832607845848066e-03
  1830  1835   4.9976330365528454e-03
  1834  1835   1.1846159190260711e-01
  1835  1835   4.2992372330709905e-01
  1836  1835   5.3586033096923218e-02
  1837  1835   4.7397810605498594e-02
  1838  1835   5.3086888031279311e-02
  1974  1835   2.0177170122156328e-02
  2190  1835  -3.7951100889407195e-02
  2275  1835  -1.0778766887412290e-02
  1723  1836   3.5960805374377681e-03
  1724  1836   1.9079640006985541e-03
  1779  1836  -2.0431671147133078e-02
  1828  1836   4.9187636003750798e-02
  1829  1836  -1.1337623324742412e-02
  1830  1836   2.2497349351495010e-02
  1834  1836   2.9281227335626592e-02
  1835  1836   5.3586033096923218e-02
  1836  1836   2.8096484047753412e-01
  1951  1836  -4.7038967683977724e-03
  2186  1836   4.8083878945446218e-02
  2190  1836  -7.2416563047969472e-03
  2275  1836  -1.0631057644556728e-02
  1316  1837   7.3718446164415752e-02
  1317  1837  -7.2629535397107465e-03
  1318  1837   3.1976638144994890e-03
  1319  1837  -1.1756904626669141e-02
  1437  1837  -2.0367580061382267e-02
  1442  1837  -6.4515506477471743e-02
  1446  1837   1.8870229317003089e-02
  1709  1837   9.5133623206591716e-02
  1710  1837  -6.6602719653490678e-03
  1834  1837   4.6525926183847613e-02
  1835  1837   4.7397810605498594e-02
  1837  1837   3.5780102634759481e-01
  1838  1837   1.3036488072128399e-03
  1974  1837  -2.1464436865946381e-02
  1319  1838  -1.0459698758277521e-02
  1464  1838   6.4469035893151033e-02
  1709  1838  -3.1253918287950599e-03
  1710  1838   5.6867459354220981e-02
  1834  1838   2.4312543477554103e-02
  1835  1838   5.3086888031279311e-02
  1837  1838   1.3036488072128399e-03
  1838  1838   5.4738092891670642e-01
  1974  1838   9.5600034100389558e-02
  1975  1838  -1.4648846291241530e-01
  1977  1838   7.9318013472131382e-02
  1832  1839   6.4003920037382879e-03
  1839  1839   2.7846860676936069e-01
  1840  1839   2.1547254627550740e-03
  1841  1839  -4.2350084458101676e-03
  2279  1839  -5.8291919576246697e-03
  2280  1839  -3.1753300613931681e-02
  2281  1839   5.0894740394958997e-04
  2283  1839  -5.6260339745123941e-02
  2293  1839  -2.6145583956763228e-02
  1831  1840  -1.8425067604535742e-04
  1832  1840   1.2802925608133411e-02
  1839  1840   2.1547254627550740e-03
  1840  1840   1.5917144041684969e-01
  2279  1840  -5.8380746892123061e-04
  2280  1840   2.3180489633217692e-03
  2281  1840  -3.6738950955809758e-03
  2283  1840   1.0399925254860189e-02
  1832  1841   2.0456182733216140e-02
  1839  1841  -4.2350084458101676e-03
  1841  1841   1.9543662028763792e-01
  2280  1841   6.9719894767853258e-02
  2282  1841  -2.7350433534965319e-03
  2293  1841   6.4733205160127996e-03
  2295  1841   3.4543845849065488e-02
  1705  1950   9.7347801503257309e-02
  1706  1950  -1.0815311757318620e-02
  1779  1950   5.8759816149788306e-02
  1829  1950   2.9376799523892681e-02
  1950  1950   4.0727383900454900e-01
  1951  1950   7.7570300503568890e-02
  1953  1950   2.2548560027697982e-02
  1954  1950   2.3854342946405680e-02
  1964  1950   2.2355243469768780e-02
  2186  1950  -1.1328023836666491e-02
  2187  1950   1.4537184258518691e-02
  2192  1950   1.6959612217462922e-02
  2275  1950   1.7868318537140829e-02
  1408  1951   3.1177580458171279e-02
  1412  1951   7.2817616867335427e-02
  1414  1951   1.7207803377188649e-02
  1709  1951  -6.4476635042171725e-03
  1711  1951   5.5640748866516210e-02
  1828  1951  -4.2448140012799694e-02
  1829  1951   3.7638741749197437e-02
  1830  1951   2.0620961246205959e-02
  1836  1951  -4.7038967683977724e-03
  1950  1951   7.7570300503568890e-02
  1951  1951   4.5943912733302189e-01
  1954  1951   4.5446090921575093e-04
  1964  1951   8.2797241703666827e-02
  2192  1951   2.0079069029853291e-02
  2275  1951   5.4457888661137051e-02
  1412  1953   2.2732458420402460e-02
  1705  1953   5.8202483166611335e-02
  1950  1953   2.2548560027697982e-02
  1953  1953   1.9568805460062791e-01
  1954  1953  -2.3509631085288550e-02
  1412  1954   2.0594456117204060e-02
  1414  1954  -6.6879125734763828e-04
  1950  1954   2.3854342946405680e-02
  1951  1954   4.5446090921575093e-04
  1953  1954  -2.3509631085288550e-02
  1954  1954   2.0838186743874001e-01
  1964  1954   1.9842498174759810e-03
  2192  1954  -7.1552102782668171e-04
  1414  1961   3.9275626050738538e-03
  1710  1961  -2.5127762840880991e-02
  1711  1961   2.4247022987959221e-02
  1831  1961  -1.9256557452823852e-02
  1961  1961   2.8216429238089191e-01
  1964  1961   2.8662380199391681e-02
  2190  1961   8.3080992556328628e-02
  2276  1961   2.8840801928306192e-02
  2281  1961  -9.7040765009394903e-03
  1412  1964   2.0101119871992802e-02
  1414  1964   2.5005233489476919e-02
  1950  1964   2.2355243469768780e-02
  1951  1964   8.2797241703666827e-02
  1954  1964   1.9842498174759810e-03
  1961  1964   2.8662380199391681e-02
  1964  1964   4.9399340250610785e-01
  2192  1964   3.6611383945156020e-02
  2276  1964   4.0606897511793777e-02
  2277  1964  -6.2721293404188555e-02
  1437  1974   6.9113956198145711e-03
  1442  1974   5.1916243769664611e-02
  1444  1974  -2.0753087656006110e-02
  1446  1974  -4.1743398557968131e-02
  1459  1974  -1.4108336381708541e-02
  1834  1974   1.5082127500240690e-02
  1835  1974   2.0177170122156328e-02
  1837  1974  -2.1464436865946381e-02
  1838  1974   9.5600034100389558e-02
  1974  1974   4.1045636344721970e-01
  1976  1974   7.4048684742412024e-02
  1977  1974   6.8231996870964234e-02
  1439  1975   6.5098439426799701e-03
  1440  1975   3.3692236873040689e-02
  1455  1975   6.4335150586402240e-02
  1457  1975   2.2363340841752212e-02
  1458  1975   2.2419120397440128e-03
  1464  1975  -7.3233567725607268e-02
  1838  1975  -1.4648846291241530e-01
  1975  1975   5.7387190863954773e-01
  1976  1975  -1.9650770136383989e-02
  1977  1975  -4.6007905250412144e-02
  1448  1976  -2.8762281734055779e-02
  1455  1976  -5.2815388719099736e-02
  1457  1976  -3.7225627779711168e-02
  1458  1976   3.5843948957370261e-03
  1459  1976  -2.5129837461341890e-02
  1974  1976   7.4048684742412024e-02
  1975  1976  -1.9650770136383989e-02
  1976  1976   3.1430676731096396e-01
  1977  1976  -1.2010934532450699e-02
  1838  1977   7.9318013472131382e-02
  1974  1977   6.8231996870964234e-02
  1975  1977  -4.6007905250412144e-02
  1976  1977  -1.2010934532450699e-02
  1977  1977   3.0254544018297880e-01
  1642  2123  -1.0304628998137640e-02
  1700  2123  -4.0473190510883737e-02
  1702  2123   1.4461865389868711e-02
  1703  2123  -4.2742065788837637e-02
  2123  2123   4.2048506273150060e-01
  2126  2123   1.0084063058762830e-02
  2185  2123   2.7096480646255802e-02
  2580  2123  -1.1875717695921090e-01
  1630  2124  -9.5718628012204376e-03
  2124  2124   5.9889324217317597e-01
  2126  2124   2.3867160325063450e-02
  2134  2124   1.1517474241789670e-01
  2135  2124   6.0105219698557193e-02
  2136  2124   1.0530850702569811e-02
  2580  2124  -1.2870464557639620e-02
  2123  2126   1.0084063058762830e-02
  2124  2126   2.3867160325063450e-02
  2126  2126   2.2360805360776859e-01
  2135  2126   4.5724516760142974e-03
  2580  2126  -2.7796018718059021e-02
  1630  2134  -1.1805551212020130e-02
  2124  2134   1.1517474241789670e-01
  2134  2134   4.2714312126995868e-01
  2135  2134   5.0803378413324642e-02
  2136  2134   1.9141611793840659e-02
  2386  2134  -1.5996118486134699e-02
  2585  2134  -9.1822555797250950e-04
  1630  2135  -2.3926609897672131e-03
  2124  2135   6.0105219698557193e-02
  2126  2135   4.5724516760142974e-03
  2134  2135   5.0803378413324642e-02
  2135  2135   3.8504390938606542e-01
  2136  2135  -2.8538067663021052e-02
  2386  2135  -8.6878737356484701e-04
  2580  2135   4.6194802341485659e-02
  2585  2135  -4.0434672290776796e-02
  1630  2136   2.9670729401945279e-02
  2124  2136   1.0530850702569811e-02
  2134  2136   1.9141611793840659e-02
  2135  2136  -2.8538067663021052e-02
  2136  2136   5.3452003239051860e-01
  2386  2136  -1.9244384610323649e-02
  2585  2136   4.9922685989726989e-02
  1641  2137   4.2438547972757716e-04
  1701  2137   3.8083888857105182e-02
  1702  2137  -6.2967943661308701e-03
  1703  2137  -9.2449717429052870e-03
  1723  2137   2.2721982255416901e-02
  2137  2137   2.9598186079354311e-01
  2185  2137  -2.9202568362925438e-02
  2186  2137  -5.6574602910967574e-03
  1700  2185   5.6197776436181903e-04
  1701  2185  -5.7854642580963851e-03
  1702  2185   3.4207992743332055e-02
  1703  2185   1.1891414091638141e-02
  1723  2185   2.6742341238158218e-02
  2123  2185   2.7096480646255802e-02
  2137  2185  -2.9202568362925438e-02
  2185  2185   4.6567113999885190e-01
  2186  2185   7.2152599207584892e-02
  2188  2185   5.0293620767765584e-02
  2580  2185  -7.6007484886396692e-02
  1723  2186   3.8877148777596071e-02
  1724  2186  -2.8961737345566261e-02
  1779  2186  -5.8436479005853574e-02
  1828  2186   1.5078928174110860e-02
  1829  2186   4.5749832896387040e-03
  1834  2186  -1.5612893117406830e-03
  1836  2186   4.8083878945446218e-02
  1950  2186  -1.1328023836666491e-02
  2137  2186  -5.6574602910967574e-03
  2185  2186   7.2152599207584892e-02
  2186  2186   5.2654451699273974e-01
  2187  2186   4.8655029923711186e-02
  2188  2186   3.6038169509022680e-02
  1705  2187   5.9391767637951183e-03
  1706  2187  -4.1564775218146104e-02
  1779  2187  -6.1023637005868710e-03
  1829  2187   3.6515063961903441e-03
  1950  2187   1.4537184258518691e-02
  2186  2187   4.8655029923711186e-02
  2187  2187   4.6383354222516543e-01
  2188  2187  -1.5197827047687129e-02
  2185  2188   5.0293620767765584e-02
  2186  2188   3.6038169509022680e-02
  2187  2188  -1.5197827047687129e-02
  2188  2188   2.4884844023914529e-01
  2580  2188  -2.2964517659951170e-02
  1709  2190   4.3952917174008680e-04
  1710  2190  -5.5084618397866908e-02
  1711  2190   4.2449106873052131e-02
  1830  2190   3.7520581178797689e-02
  1831  2190  -1.6958813417886510e-02
  1835  2190  -3.7951100889407195e-02
  1836  2190  -7.2416563047969472e-03
  1961  2190   8.3080992556328628e-02
  2190  2190   5.6135290972957053e-01
  2275  2190   1.0808307489001821e-01
  2276  2190   7.5587805832570007e-02
  2278  2190   2.7681599208986201e-02
  2281  2190  -2.1874219113425210e-02
  2430  2190   1.8621722993471670e-02
  1829  2192   3.6502908862180378e-03
  1950  2192   1.6959612217462922e-02
  1951  2192   2.0079069029853291e-02
  1954  2192  -7.1552102782668171e-04
  1964  2192   3.6611383945156020e-02
  2192  2192   2.5440757314039242e-01
  2275  2192   2.8985881984312550e-02
  2277  2192  -4.8410452914618353e-02
  1828  2275  -5.3866583398679193e-03
  1829  2275   1.7221425326859229e-02
  1830  2275   3.2929480828652199e-02
  1835  2275  -1.0778766887412290e-02
  1836  2275  -1.0631057644556728e-02
  1950  2275   1.7868318537140829e-02
  1951  2275   5.4457888661137051e-02
  2190  2275   1.0808307489001821e-01
  2192  2275   2.8985881984312550e-02
  2275  2275   4.4189855987158533e-01
  2277  2275  -6.2257526532647829e-02
  2278  2275   8.1185346717694423e-03
  1831  2276  -8.6136869482677236e-03
  1961  2276   2.8840801928306192e-02
  1964  2276   4.0606897511793777e-02
  2190  2276   7.5587805832570007e-02
  2276  2276   4.6847151693145961e-01
  2277  2276  -2.7569270166166830e-02
  2278  2276   9.8998201493530100e-02
  2281  2276  -7.8667962807030898e-03
  2430  2276   5.9253180086114632e-02
  1964  2277  -6.2721293404188555e-02
  2192  2277  -4.8410452914618353e-02
  2275  2277  -6.2257526532647829e-02
  2276  2277  -2.7569270166166830e-02
  2277  2277   2.7202361290615901e-01
  2278  2277  -1.6449937082362961e-02
  2430  2277  -9.2643210297672640e-03
  2190  2278   2.7681599208986201e-02
  2275  2278   8.1185346717694423e-03
  2276  2278   9.8998201493530100e-02
  2277  2278  -1.6449937082362961e-02
  2278  2278   2.6502093311546682e-01
  2281  2278   1.6335142464640570e-03
  2430  2278   5.1598845516482909e-02
  1839  2279  -5.8291919576246697e-03
  1840  2279  -5.8380746892123061e-04
  2279  2279   1.7800472163084388e-01
  2283  2279   4.9697088277776604e-04
  2293  2279   4.4862967173132018e-03
  2300  2279   8.0736374656078060e-04
  2677  2279   1.3720668253642440e-02
  1832  2280   4.1268366293265052e-02
  1839  2280  -3.1753300613931681e-02
  1840  2280   2.3180489633217692e-03
  1841  2280   6.9719894767853258e-02
  2280  2280   4.6294200387566126e-01
  2281  2280   2.4988976520155790e-02
  2283  2280   5.0968579983279763e-02
  2295  2280   1.4964673547542381e-01
  2430  2280  -6.2042310328504751e-03
  2450  2280  -2.2866129593843511e-02
  2678  2280   6.1513523853869899e-02
  1831  2281  -6.7078111894727718e-03
  1832  2281   5.1694219937063690e-02
  1839  2281   5.0894740394958997e-04
  1840  2281  -3.6738950955809758e-03
  1961  2281  -9.7040765009394903e-03
  2190  2281  -2.1874219113425210e-02
  2276  2281  -7.8667962807030898e-03
  2278  2281   1.6335142464640570e-03
  2280  2281   2.4988976520155790e-02
  2281  2281   2.6854396743698600e-01
  2283  2281  -5.3135908160417238e-03
  2430  2281   1.5888016848024020e-03
  2678  2281  -3.8925804797416779e-03
  1841  2282  -2.7350433534965319e-03
  2282  2282   1.6989711291653720e-01
  2293  2282  -3.0804014369720358e-03
  2295  2282  -1.9259541820943211e-02
  2296  2282   1.3450801725477860e-02
  2297  2282   2.1612572544005221e-03
  2298  2282  -1.3752060951535631e-03
  2679  2282  -1.1390446671249450e-03
  1832  2283   1.8091015593721779e-03
  1839  2283  -5.6260339745123941e-02
  1840  2283   1.0399925254860189e-02
  2279  2283   4.9697088277776604e-04
  2280  2283   5.0968579983279763e-02
  2281  2283  -5.3135908160417238e-03
  2283  2283   3.3691618857870498e-01
  2430  2283  -2.4122839513267609e-02
  2677  2283   1.8313591992350921e-02
  2678  2283   5.6787255212095419e-02
  2680  2283  -8.8658817401445992e-03
  1839  2293  -2.6145583956763228e-02
  1841  2293   6.4733205160127996e-03
  2279  2293   4.4862967173132018e-03
  2282  2293  -3.0804014369720358e-03
  2293  2293   3.4052241552237000e-01
  2295  2293   5.0033267507809509e-02
  2296  2293  -4.3968977773177140e-03
  2298  2293  -1.8674284126972751e-02
  2300  2293  -1.0959261036352499e-02
  2677  2293   6.4326436830127592e-02
  2679  2293   1.9942935865166350e-02
  2690  2293   7.2642893637989425e-03
  1841  2295   3.4543845849065488e-02
  2280  2295   1.4964673547542381e-01
  2282  2295  -1.9259541820943211e-02
  2293  2295   5.0033267507809509e-02
  2295  2295   5.3714159819945961e-01
  2296  2295  -2.8034374427387682e-02
  2298  2295  -3.2578531101927679e-03
  2450  2295  -3.1389614599392469e-02
  2453  2295  -5.4244499721984335e-02
  2678  2295   1.0713605506049351e-01
  2679  2295   2.0667784791202407e-02
  2681  2295   3.6229553500148656e-02
  2693  2295   3.8723476541690977e-03
  2282  2296   1.3450801725477860e-02
  2293  2296  -4.3968977773177140e-03
  2295  2296  -2.8034374427387682e-02
  2296  2296   2.9590828099856703e-01
  2297  2296   1.1689952866677169e-02
  2298  2296   5.0861661602116484e-02
  2453  2296   1.2034947572001580e-02
  2454  2296   1.0725567411217569e-02
  2468  2296  -9.1799613142461833e-03
  2679  2296   2.0004203136160491e-02
  2681  2296  -6.4903693207368773e-03
  2683  2296   3.2270487848637855e-02
  2684  2296  -2.5004401221478860e-03
  2693  2296  -4.5611455432453790e-02
  2282  2297   2.1612572544005221e-03
  2296  2297   1.1689952866677169e-02
  2297  2297   1.4027657690640710e-01
  2298  2297   4.5099517760810674e-03
  2454  2297   3.1151021571607183e-04
  2468  2297  -8.5847914417030730e-03
  2682  2297   2.0494962769765771e-03
  2683  2297   8.2949452570613008e-03
  2695  2297   6.0980214044873051e-03
  2282  2298  -1.3752060951535631e-03
  2293  2298  -1.8674284126972751e-02
  2295  2298  -3.2578531101927679e-03
  2296  2298   5.0861661602116484e-02
  2297  2298   4.5099517760810674e-03
  2298  2298   3.5274566852103539e-01
  2300  2298   2.2443585850342460e-03
  2677  2298  -8.0624332200146444e-03
  2679  2298   2.9433648633527463e-02
  2690  2298  -7.7288412114617830e-02
  2691  2298   1.1455178753920549e-02
  2695  2298   2.7458954734779412e-02
  2279  2300   8.0736374656078060e-04
  2293  2300  -1.0959261036352499e-02
  2298  2300   2.2443585850342460e-03
  2300  2300   1.4520841244289048e-01
  2677  2300  -6.2172559065914934e-03
  2679  2300  -7.9814385621570117e-04
  2690  2300  -6.0369527631670538e-03
  2691  2300  -8.4234691602946956e-05
  2134  2386  -1.5996118486134699e-02
  2135  2386  -8.6878737356484701e-04
  2136  2386  -1.9244384610323649e-02
  2386  2386   3.7542088398502488e-01
  2585  2386   2.4867230374376367e-02
  2190  2430   1.8621722993471670e-02
  2276  2430   5.9253180086114632e-02
  2277  2430  -9.2643210297672640e-03
  2278  2430   5.1598845516482909e-02
  2280  2430  -6.2042310328504751e-03
  2281  2430   1.5888016848024020e-03
  2283  2430  -2.4122839513267609e-02
  2430  2430   2.5985059694131390e-01
  2677  2430   9.6292787945287117e-03
  2678  2430  -3.5031340710226892e-03
  2680  2430   2.9914265849143602e-02
  2280  2450  -2.2866129593843511e-02
  2295  2450  -3.1389614599392469e-02
  2450  2450   1.9486203016391060e-01
  2453  2450  -2.0805376043602001e-02
  2678  2450  -4.1682949839141205e-02
  2681  2450  -7.6729262982364417e-03
  2295  2453  -5.4244499721984335e-02
  2296  2453   1.2034947572001580e-02
  2450  2453  -2.0805376043602001e-02
  2453  2453   3.9861587855751662e-01
  2454  2453   6.7917809791718520e-02
  2678  2453  -3.1684669615852007e-02
  2679  2453  -2.6180216665677792e-03
  2681  2453  -1.3095093792720700e-02
  2683  2453  -1.1280171488815060e-02
  2684  2453  -2.5066308061729228e-02
  2693  2453   7.5149991601316342e-03
  2806  2453  -2.5728368503001493e-02
  2296  2454   1.0725567411217569e-02
  2297  2454   3.1151021571607183e-04
  2453  2454   6.7917809791718520e-02
  2454  2454   3.4093786535207055e-01
  2468  2454   2.9305419552396527e-02
  2673  2454   2.1204691680221370e-02
  2683  2454  -3.2307588470000530e-02
  2684  2454  -3.4084400059318835e-02
  2693  2454   8.7797313666671695e-03
  2806  2454  -8.1536177597200596e-02
  2296  2468  -9.1799613142461833e-03
  2297  2468  -8.5847914417030730e-03
  2454  2468   2.9305419552396527e-02
  2468  2468   3.2141692572075686e-01
  2469  2468  -8.8952471464539933e-03
  2673  2468   2.8885531448681660e-02
  2682  2468  -1.8229664435174740e-02
  2683  2468  -6.7743975710984783e-02
  2695  2468  -2.0893428579818941e-02
  2813  2468   6.7136580955212327e-02
  2815  2468   1.7125249451253620e-02
  2468  2469  -8.8952471464539933e-03
  2469  2469   1.3952380842067738e-01
  2673  2469   8.9233841231151241e-04
  2813  2469  -8.8352497062976990e-03
  2815  2469  -2.5805461414678322e-03
  2123  2580  -1.1875717695921090e-01
  2124  2580  -1.2870464557639620e-02
  2126  2580  -2.7796018718059021e-02
  2135  2580   4.6194802341485659e-02
  2185  2580  -7.6007484886396692e-02
  2188  2580  -2.2964517659951170e-02
  2580  2580   5.2076207538446140e-01
  2585  2580  -3.7912852926265367e-02
  2134  2585  -9.1822555797250950e-04
  2135  2585  -4.0434672290776796e-02
  2136  2585   4.9922685989726989e-02
  2386  2585   2.4867230374376367e-02
  2580  2585  -3.7912852926265367e-02
  2585  2585   4.0725602283758250e-01
  2454  2673   2.1204691680221370e-02
  2468  2673   2.8885531448681660e-02
  2469  2673   8.9233841231151241e-04
  2673  2673   2.1340510106381769e-01
  2806  2673  -2.8540143241203911e-02
  2813  2673   2.1409629593190409e-02
  2279  2677   1.3720668253642440e-02
  2283  2677   1.8313591992350921e-02
  2293  2677   6.4326436830127592e-02
  2298  2677  -8.0624332200146444e-03
  2300  2677  -6.2172559065914934e-03
  2430  2677   9.6292787945287117e-03
  2677  2677   3.4498303103724370e-01
  2678  2677   6.8907442414420733e-02
  2679  2677   2.2781432063279601e-02
  2680  2677   8.8543059018412959e-03
  2681  2677   2.6850577270702891e-02
  2690  2677   9.8450566165289299e-03
  2693  2677  -1.3680223306844041e-03
  2280  2678   6.1513523853869899e-02
  2281  2678  -3.8925804797416779e-03
  2283  2678   5.6787255212095419e-02
  2295  2678   1.0713605506049351e-01
  2430  2678  -3.5031340710226892e-03
  2450  2678  -4.1682949839141205e-02
  2453  2678  -3.1684669615852007e-02
  2677  2678   6.8907442414420733e-02
  2678  2678   3.4529049088074798e-01
  2680  2678   4.4679659720740321e-05
  2681  2678   8.1547535251252114e-03
  2282  2679  -1.1390446671249450e-03
  2293  2679   1.9942935865166350e-02
  2295  2679   2.0667784791202407e-02
  2296  2679   2.0004203136160491e-02
  2298  2679   2.9433648633527463e-02
  2300  2679  -7.9814385621570117e-04
  2453  2679  -2.6180216665677792e-03
  2677  2679   2.2781432063279601e-02
  2679  2679   2.4918599360406521e-01
  2681  2679   2.0829216972561300e-02
  2690  2679  -4.2191865334304128e-02
  2693  2679  -4.1809589445788095e-02
  2283  2680  -8.8658817401445992e-03
  2430  2680   2.9914265849143602e-02
  2677  2680   8.8543059018412959e-03
  2678  2680   4.4679659720740321e-05
  2680  2680   1.8819075852490091e-01
  2681  2680   6.3018856060382301e-03
  2295  2681   3.6229553500148656e-02
  2296  2681  -6.4903693207368773e-03
  2450  2681  -7.6729262982364417e-03
  2453  2681  -1.3095093792720700e-02
  2677  2681   2.6850577270702891e-02
  2678  2681   8.1547535251252114e-03
  2679  2681   2.0829216972561300e-02
  2680  2681   6.3018856060382301e-03
  2681  2681   2.1594299881772899e-01
  2690  2681  -4.1886693295965961e-04
  2693  2681   6.4649357327506915e-03
  2297  2682   2.0494962769765771e-03
  2468  2682  -1.8229664435174740e-02
  2682  2682   1.8389029434711660e-01
  2683  2682   2.2972561338757851e-02
  2695  2682   3.3765838804983412e-03
  2696  2682   6.1872943609793277e-04
  2812  2682  -2.3782573755614791e-02
  2815  2682  -9.7661045861616551e-03
  2816  2682   3.1661197791170818e-03
  2296  2683   3.2270487848637855e-02
  2297  2683   8.2949452570613008e-03
  2453  2683  -1.1280171488815060e-02
  2454  2683  -3.2307588470000530e-02
  2468  2683  -6.7743975710984783e-02
  2682  2683   2.2972561338757851e-02
  2683  2683   3.5334237914172412e-01
  2684  2683   1.1098452534199900e-02
  2693  2683  -7.5063606309144007e-02
  2695  2683   4.9566091542953911e-02
  2696  2683   4.0037135059764486e-02
  2812  2683  -3.1458331648853428e-02
  2296  2684  -2.5004401221478860e-03
  2453  2684  -2.5066308061729228e-02
  2454  2684  -3.4084400059318835e-02
  2683  2684   1.1098452534199900e-02
  2684  2684   1.8386319158274261e-01
  2693  2684  -1.0934440077260830e-02
  2696  2684  -2.6348927786662988e-03
  2806  2684   4.2332285832313479e-02
  2812  2684  -4.1396379946804861e-02
  2293  2690   7.2642893637989425e-03
  2298  2690  -7.7288412114617830e-02
  2300  2690  -6.0369527631670538e-03
  2677  2690   9.8450566165289299e-03
  2679  2690  -4.2191865334304128e-02
  2681  2690  -4.1886693295965961e-04
  2690  2690   3.0469635042047460e-01
  2691  2690  -1.4986004310103751e-02
  2693  2690   4.2010301715675720e-02
  2694  2690   2.2474963426486358e-04
  2298  2691   1.1455178753920549e-02
  2300  2691  -8.4234691602946956e-05
  2690  2691  -1.4986004310103751e-02
  2691  2691   1.8140328336745901e-01
  2694  2691  -8.8448296260796536e-03
  2695  2691   3.5252307145264899e-03
  2295  2693   3.8723476541690977e-03
  2296  2693  -4.5611455432453790e-02
  2453  2693   7.5149991601316342e-03
  2454  2693   8.7797313666671695e-03
  2677  2693  -1.3680223306844041e-03
  2679  2693  -4.1809589445788095e-02
  2681  2693   6.4649357327506915e-03
  2683  2693  -7.5063606309144007e-02
  2684  2693  -1.0934440077260830e-02
  2690  2693   4.2010301715675720e-02
  2693  2693   3.6596613649503140e-01
  2694  2693   5.8713724374363618e-02
  2696  2693  -6.7731183417740676e-02
  2812  2693   6.5235493400293562e-03
  2690  2694   2.2474963426486358e-04
  2691  2694  -8.8448296260796536e-03
  2693  2694   5.8713724374363618e-02
  2694  2694   2.9061881638362597e-01
  2695  2694  -6.5059937387885042e-02
  2696  2694  -3.1051419050182431e-02
  2297  2695   6.0980214044873051e-03
  2298  2695   2.7458954734779412e-02
  2468  2695  -2.0893428579818941e-02
  2682  2695   3.3765838804983412e-03
  2683  2695   4.9566091542953911e-02
  2691  2695   3.5252307145264899e-03
  2694  2695  -6.5059937387885042e-02
  2695  2695   3.3719877636991941e-01
  2696  2695   3.3425084399884106e-02
  2812  2695  -2.1601540182400380e-03
  2682  2696   6.1872943609793277e-04
  2683  2696   4.0037135059764486e-02
  2684  2696  -2.6348927786662988e-03
  2693  2696  -6.7731183417740676e-02
  2694  2696  -3.1051419050182431e-02
  2695  2696   3.3425084399884106e-02
  2696  2696   2.6651592938263741e-01
  2812  2696   4.8200219552537067e-03
  2453  2806  -2.5728368503001493e-02
  2454  2806  -8.1536177597200596e-02
  2673  2806  -2.8540143241203911e-02
  2684  2806   4.2332285832313479e-02
  2806  2806   3.7267739040906450e-01
  2812  2806  -8.9520963326917988e-02
  2813  2806  -3.5059719243424298e-02
  2814  2806  -3.6063364330121250e-02
  2682  2812  -2.3782573755614791e-02
  2683  2812  -3.1458331648853428e-02
  2684  2812  -4.1396379946804861e-02
  2693  2812   6.5235493400293562e-03
  2695  2812  -2.1601540182400380e-03
  2696  2812   4.8200219552537067e-03
  2806  2812  -8.9520963326917988e-02
  2812  2812   3.9992670287935100e-01
  2814  2812   3.7345989083985131e-03
  2815  2812   6.5507352893822382e-02
  2816  2812  -4.9107300834155768e-03
  2468  2813   6.7136580955212327e-02
  2469  2813  -8.8352497062976990e-03
  2673  2813   2.1409629593190409e-02
  2806  2813  -3.5059719243424298e-02
  2813  2813   3.1672694539036700e-01
  2814  2813   3.1344244072793001e-02
  2815  2813   2.4594029408429068e-02
  2806  2814  -3.6063364330121250e-02
  2812  2814   3.7345989083985131e-03
  2813  2814   3.1344244072793001e-02
  2814  2814   2.2472637502482801e-01
  2815  2814   2.3327290102395159e-02
  2816  2814   3.8816439045559598e-03
  2468  2815   1.7125249451253620e-02
  2469  2815  -2.5805461414678322e-03
  2682  2815  -9.7661045861616551e-03
  2812  2815   6.5507352893822382e-02
  2813  2815   2.4594029408429068e-02
  2814  2815   2.3327290102395159e-02
  2815  2815   2.4991157587625668e-01
  2816  2815  -3.2715952982466079e-03
  2682  2816   3.1661197791170818e-03
  2812  2816  -4.9107300834155768e-03
  2814  2816   3.8816439045559598e-03
  2815  2816  -3.2715952982466079e-03
  2816  2816   1.4258927910389887e-01
